327
870
39
284
943
135
442
137
127
153
283
604
639
134
532
289
864
762
344
352
273
523
789
924
591
31
945
139
574
586
604
96
545
286
394
829
882
508
723
206
807
677
331
66
752
498
18
378
658
780
121
453
575
834
689
700
794
365
122
862
201
533
601
414
654
982
96
476
970
260
565
595
943
454
789
485
510
458
20
978
349
703
264
625
259
444
831
441
510
682
963
685
12
893
232
59
972
217
840
875
568
393
963
559
782
301
397
313
312
810
768
861
118
406
427
872
274
86
887
233
234
230
738
953
623
76
851
333
16
626
351
393
557
193
659
297
585
10
977
554
924
150
986
219
980
680
852
556
872
991
572
606
195
923
401
886
285
181
485
547
741
777
991
995
670
662
486
703
145
362
975
450
509
231
776
573
372
339
158
670
632
66
341
557
545
352
208
621
702
841
523
20
365
761
296
179
181
502
590
359
692
990
781
231
314
813
3
938
176
540
647
574
805
767
119
660
526
441
47
426
164
218
917
945
20
60
323
957
159
394
308
134
663
166
51
54
482
234
781
793
301
462
703
169
373
94
188
418
140
907
426
569
901
916
868
159
403
192
220
550
574
718
36
159
238
278
164
485
132
898
580
376
255
500
598
345
466
720
221
42
644
408
531
551
101
917
952
833
334
409
402
714
601
885
256
942
932
256
412
882
483
187
426
376
373
179
711
455
287
367
282
632
238
79
875
708
368
466
478
834
812
378
834
253
908
541
405
362
458
38
548
220
171
382
61
790
885
844
893
831
97
390
582
611
877
270
842
970
152
865
394
820
803
439
104
47
526
817
643
536
599
479
576
547
536
142
636
389
298
937
94
298
281
983
316
647
427
932
699
341
505
672
422
981
707
151
525
264
807
290
510
408
610
597
776
452
561
44
169
150
145
475
798
846
440
639
425
700
630
607
488
851
210
672
1000
962
454
275
622
660
333
611
927
374
149
968
863
436
581
871
899
92
882
186
704
416
390
842
411
940
633
54
262
818
298
197
801
718
655
74
94
612
703
346
91
492
277
316
3
448
347
765
841
315
917
86
960
923
867
52
428
515
237
340
473
554
602
681
795
201
574
48
180
775
471
334
539
106
810
770
841
406
700
240
424
788
817
347
310
275
LOAD MQ,M(X)
LOAD M(X)
LOAD MQ
ADD M(10)
STOR M(18)
ADD |M(35)|
JUMP+ M(8,20:39)